doi:10.18130/V3/I62MW4
doi:10.18130/V3/AQFFN3
